497221
682467
891512
176664
103109
241417
554275
233740
494340
122579
246747
711264
286707
287663
796714
109341
207084
675584
722450
859621
600886
347831
417217
611613
10141
475569
603586
456512
44258
144891
997740
570868
423540
344859
596288
836180
995832
552508
545332
956898
393287
595110
517024
717076
734408
552992
580958
697177
180125
907994
894543
732220
981914
431519
708386
204863
763765
496873
100443
898913
378970
375703
617800
301108
940042
44489
257576
333606
321996
638034
923486
65278
419296
786621
634444
139164
973634
853670
12397
294653
881838
694448
590211
567423
948085
108130
474201
43518
102803
269132
183579
642304
315870
479986
632035
874235
394667
175003
624664
99963
189156
314975
341554
624776
732744
770823
840575
475871
18476
201805
672346
418605
816430
822310
992213
862071
390463
510817
365094
172201
856647
549964
251691
83043
679553
416639
685410
555670
319292
73968
946549
465093
482846
447230
140716
179417
635661
209117
388882
44438
892766
470581
154010
647584
536417
266004
282760
578870
427816
375991
394031
232206
449031
296742
464066
380480
200766
380742
318354
60835
127539
667369
812673
45066
415047
710707
703459
930660
802486
63769
722206
697669
284828
874681
510469
600828
405602
840904
630946
314961
80559
856566
867756
348622
92370
694399
232503
947317
185150
927307
505744
727618
37934
63245
395325
518633
289977
549843
712668
500231
669059
761478
575866
744748
947162
34743
532905
296607
178538
118875
799725
779485
940486
500583
27944
951519
175231
174394
728659
397198
929813
754240
807895
688144
269513
365434
405005
757639
942196
184613
828720
482128
475183
143299
509244
357287
819528
587257
685101
835811
693953
715858
564136
232083
214442
396557
706635
894739
501444
193664
423506
285387
866477
185873
707590
988219
695243
856060
984261
178846
635597
829254
680569
92843
744865
567338
150377
616252
76556
425944
617092
852164
597870
669133
730510
266455
46039
792322
301287
766822
770045
255054
489479
44485
453379
12054
778842
362631
959705
546300
734044
421777
518539
334724
769442
268030
47643
910736
578492
432207
772478
497939
432037
258220
467366
159798
13079
291656
957903
853759
124187
436210
203601
432199
61175
379735
823450
621147
822860
706447
774051
590094
564123
649670
866669
347802
402079
383108
131968
721486
388242
371333
291198
313482
974403
263007
321345
955130
236184
257462
97503
566569
406646
995352
941213
340245
915330
845234
823916
557383
811616
965430
516020
335560
488352
921965
235352
739470
74526
930902
183968
801177
980261
332474
496746
775808
370605
46954
673206
206750
752133
632301
74097
220750
168070
187126
38230
348951
871814
749883
505453
711148
183205
928211
323036
30504
310660
661737
178791
876580
577150
739942
568183
44537
572124
789490
775461
450466
850500
569496
276736
242728
302254
253287
890147
770131
361367
908734
349299
194467
410126
680790
702234
485424
798991
708183
62868
377149
686789
788341
60490
420314
653882
815547
193741
271336
14434
493285
406954
989153
86131
779119
112795
316808
449406
698082
678687
534077
728392
388495
78204
91885
56782
116488
453289
926026
163072
20793
496797
929252
875638
910637
919027
35675
230626
163894
67321
83009
667233
300724
758484
853112
514924
506028
394449
530294
155110
606568
602598
329114
569838
736138
707942
49473
510796
337159
195979
551937
884363
519768
654061
75212
147506
793999
247981
381191
886152
970266
745404
288171
394874
770516
652792
719512
284889
481918
374197
766061
240723
136182
917756
144479
573228
219366
494546
33810
330029
426976
983243
356320
299056
863803
338629
560065
338914
802776
490987
553957
382903
497556
93690
927032
323605
269598
457055
380542
818078
491900
643047
893923
786622
284874
648570
102545
576251
540168
724073
741025
259733
793582
64873
139813
76866
893546
860618
926523
909428
214383
864964
11036
138542
546947
418206
811899
689279
640909
811949
365903
134449
948829
214822
682755
563109
502520
474597
967283
490493
279242
341783
281843
105476
413643
84464
431858
275823
183939
993058
17975
177996
551610
174847
403132
966888
19559
660392
128157
252397
290465
400161
837877
165613
535020
897040
662196
439687
461975
637521
547847
903358
753774
981203
919096
436133
952225
603681
768199
560782
91488
769487
784813
386891
826042
662507
224029
195760
602298
317769
996502
359472
189924
340290
173408
110777
543420
398855
371020
90401
366164
628584
915810
497925
563729
579871
95562
726135
52202
335299
591038
446849
269284
516614
532239
509847
594291
165520
989821
848166
702790
260459
156006
447391
471375
797921
699889
420486
203616
462802
849796
532416
957271
238351
184670
957489
313769
521605
701602
426378
487135
752296
155711
469256
177318
244160
297245
786690
81645
879456
144014
124281
225368
647362
30388
951314
516435
627915
429256
68176
907573
580568
216096
912301
818084
274108
304452
745863
806164
826703
544717
159507
597337
633657
679120
978109
529330
521944
592004
128344
373117
617558
588486
17464
842153
617049
746958
70761
596484
399531
378095
645511
941384
238651
944202
555869
882960
616427
979636
685284
272158
260221
927067
279245
426109
558570
304365
199069
823936
423469
989649
420093
722977
812807
693407
842628
911664
483897
160838
751256
833333
10054
862031
265406
152997
639716
283980
219252
739905
858508
566103
727233
489442
713507
585832
628313
730956
426542
711464
503733
45491
229278
634786
676407
567513
586229
620460
338294
751679
319500
123000
375673
642738
900141
322105
568351
965739
826074
494559
56400
885339
860599
347341
824748
131610
936451
971883
534183
971658
373878
14301
581747
668378
74475
837369
246710
644666
986656
657575
939922
657704
104588
218883
637659
423494
245687
568901
530038
348521
512701
65022
445139
634270
780683
663011
200218
764780
873179
564520
295531
765647
874677
99091
56326
808558
463940
284625
714809
51832
549687
701089
388932
459370
17901
334325
164622
284823
587488
322749
916960
855032
171639
586852
982257
100523
144685
275743
259441
411434
107700
550729
528894
494834
734799
338647
361053
718876
568572
627836
147798
409629
565149
144147
208545
828574
416857
26670
930523
200658
190636
360283
295163
969243
818095
218641
138411
375536
455311
526035
838148
606889
360779
897181
513594
582196
438025
976044
686406
797238
632393
746912
159681
301030
823770
785943
61121
709972
149053
268541
15893
793639
589006
606264
264780
962413
676411
176212
58554
80937
460053
814742
87672
408932
717842
61048
631230
985492
129487
658893
51975
371567
136259
42487
146234
66013
238557
961852
587076
580783
277854
177487
655161
238279
32564
820849
165391
558968
454825
130618
457695
93421
902815
359079
210001
225390
397538
423403
855624
642862
636489
473359
228791
811461
413726
517456
300525
559817
818964
274604
967209
70201
639898
934297
507996
72380
709367
601043
898254
85840
466637
240938
572703
299753
296818
914558
735014
657086
588864
214185
761832
594920
435587
649349
26909
750250
562017
64255
191879
484650
685496
113736
386628
194256
