242184
984681
955937
952168
640105
191925
573278
323284
462273
202009
258355
637388
699925
293218
320752
811711
281063
805404
148965
323793
947599
331338
556539
360673
343488
900030
876123
544517
998192
126735
643129
440067
665339
660394
797847
260062
673561
414426
473512
590624
861999
936956
303355
798205
474232
252276
290741
711627
321506
826346
291175
220479
118897
954671
615843
262212
828437
174480
925685
533199
193185
968253
830597
279183
380592
960149
225555
742401
543744
780483
624615
424904
620187
322732
530162
783998
458367
843309
209312
867184
558225
768015
443478
746242
933659
684435
273086
502790
426036
542920
944924
150226
814448
778889
268016
783878
496841
531877
391911
197073
995607
649737
842021
136888
274659
754709
718465
640684
467674
982444
271676
694359
495731
738730
496199
306990
998956
960079
832631
538533
982712
491337
567567
324320
882848
285468
437309
348784
863887
565480
313110
596036
790215
764273
343290
883650
946646
686729
668524
926608
953708
642174
744547
899280
551294
901719
214366
465093
682373
349926
332513
688811
254815
861495
212064
664032
134891
386697
883881
266192
606387
333218
696070
199128
249871
528392
297932
225616
564303
326300
711938
542040
393936
772914
436784
869790
176421
616260
539270
206599
532940
197478
773619
434635
736661
912758
442458
564618
798283
620098
834361
623355
161590
911543
310248
364002
924605
211693
359165
613835
944771
168848
426945
871457
444365
584078
819857
510772
474356
992535
322641
908043
343255
844885
315431
246727
862949
408163
252674
321323
294816
223729
759860
193823
487652
290919
620622
249370
226760
776399
393676
430750
646673
917107
665148
221322
952846
305422
453221
800590
363034
768427
849310
823671
576569
478516
934399
790816
802401
226532
450736
809415
940734
410072
288138
583169
231805
570811
947031
869600
880970
351692
840687
620663
562027
779542
630489
641125
126241
337243
986571
922218
806375
451341
478227
771916
333245
212498
594051
153060
806712
213445
316475
290090
534152
364326
237155
875202
893939
801655
757061
570637
208041
930536
441321
202648
127899
363067
776289
722307
294222
834343
958511
693065
914241
860597
525824
324773
559737
783226
432223
312002
121813
603580
400089
212434
876187
498747
718634
553080
700284
199967
177685
710169
309158
197748
107722
900818
887616
499262
770569
999582
900786
374529
932780
547925
929416
833889
206765
972943
188904
653149
997232
231517
788020
858312
351080
225870
354683
815048
913479
829444
895509
306576
641743
433829
216363
524228
530965
820083
950898
327794
259220
274541
542233
371764
296790
105096
952424
150805
718644
239305
456483
128787
619067
199290
393219
280193
234545
366466
498220
384940
798989
194200
242780
206097
288389
227838
326438
887950
741105
460487
869968
969291
114529
655655
427621
992769
196350
923594
651655
464945
861018
391642
464671
342704
958038
479248
514249
421032
117545
553142
556350
142380
640172
994831
124881
668191
175385
691254
388809
993431
870766
226861
756533
544802
384777
370474
341601
412529
446487
265692
432074
261419
976894
145049
630839
766028
900845
748979
372169
877607
895761
226406
440979
200695
929274
269711
895818
297922
649996
120466
288035
658526
694185
114258
414119
179790
336613
952934
977277
998922
543913
796908
711092
959314
456393
635189
926460
874096
344619
934588
417459
827743
348635
976524
641374
800150
235298
726235
342232
567069
980460
523947
780746
557104
373279
373774
185816
195363
838574
374144
146490
219320
280686
226707
906384
917862
319883
583236
993699
564506
931196
874593
585860
426734
183169
545554
219404
979693
423173
384419
129861
941704
513376
261245
168173
685125
254769
222203
827847
623090
125308
440579
577954
115973
505992
840263
946028
226174
889898
320837
589993
588620
243497
375921
723992
901361
850487
319227
530693
244002
968877
473541
153795
108080
598216
615834
886812
698087
716698
717813
262372
998797
662806
977446
857364
839235
466603
931329
121538
633962
416121
985536
799057
842322
910085
540374
640634
157245
236431
723185
616541
899871
153633
371575
817645
598115
446841
226887
921387
151026
501943
106919
491074
538488
227022
211908
919338
622438
292161
172100
890794
210039
230187
182272
547856
270031
564677
358315
477911
384700
714581
297807
853158
140799
789931
535423
236153
695884
864791
836359
583151
999528
766672
853559
229315
636244
857934
661292
163464
809043
591049
974151
344617
218208
654086
879473
635373
949557
377821
363351
783899
421411
106689
294605
303580
112625
854112
751299
837038
955520
645387
902188
587267
377450
346775
858511
643705
177846
797937
393089
431816
409235
142094
904520
566672
188347
420379
485575
351146
275602
501793
222136
422886
278588
287272
430394
167649
990966
906549
440112
744566
989680
186369
766548
757989
676106
189546
169395
226002
467564
729377
209957
965673
164597
302745
239162
408353
325151
218291
300229
473365
123392
150268
652202
366147
287485
325256
124256
176023
245276
655419
319384
919742
508098
168366
805383
967251
667067
852071
843014
611244
835328
521177
861049
605671
299925
450865
158488
894464
205244
720358
524268
924123
895207
785941
836193
301460
256227
710278
512427
846404
874674
529029
552897
680903
916455
948924
829039
960393
730107
725861
785575
628154
173953
134664
706113
707634
466893
130908
215119
851366
217660
698708
586727
993624
900602
404759
516181
438225
897461
235236
992557
784542
557178
167145
175627
276539
599907
175482
789088
287694
411300
298847
494801
713436
288540
387908
419052
230419
493697
254340
472221
815519
291288
772020
322692
565203
889841
557165
307999
211266
358473
362322
555675
248991
911233
571653
648081
369600
692384
586117
960883
831543
373123
415528
111754
379470
599879
969384
847783
196907
225797
433027
323580
443898
521776
272102
845770
911640
429677
869105
320262
251349
978510
500283
389135
384333
487357
751945
165729
237060
242321
608710
305067
787966
443537
222243
370657
566127
570838
616409
520059
248886
265633
820037
904792
285600
521793
376409
357342
106128
705863
518834
653203
407244
725969
856333
727077
360161
314194
193862
396544
822292
817904
460901
214297
377002
263881
144932
379073
655988
563828
197095
161561
996291
133182
151738
688476
887376
255621
630377
373592
114921
440032
990727
593317
973902
391174
510607
906523
110792
251538
350460
800324
206546
298682
365733
111562
508261
710756
323093
508780
227304
408328
123799
938416
172310
132559
803352
114650
734763
204059
886737
610085
299680
780681
607330
781813
586776
157746
687577
829882
560221
208040
502642
507770
795261
711389
576704
102427
950223
482905
165905
186735
173284
733888
156178
329844
987757
989269
464546
311354
638420
913534
173896
344481
294020
117593
336715
534432
777084
344323
770746
667848
360505
748257
895428
366672
360831
816542
919647
322840
320933
744582
110263
168635
301694
868244
652938
337556
646040
239089
102808
232687
816176
246288
575937
465111
261603
901971
418286
721051
249739
832078
119102
827915
330418
145203
811745
604475
439974
610812
421094
243594
117185
726548
727192
537106
524094
763817
390927
907491
568262
434107
569007
847352
163909
918420
931731
122835
976916
686096
728639
310963
703592
426249
195000
458541
115007
371028
826656
991731
922166
807422
348947
841285
422290
159320
830382
347202
330331
959452
514257
974563
391219
849119
405680
657874
570407
888203
940400
788661
782278
761243
343108
283950
752685
820411
299307
611906
841949
216863
663288
470028
876881
817794
936144
358942
616048
155085
812491
388644
830676
731818
553755
537480
755141
529065
275836
798733
650538
517543
101291
417744
791595
273403
141420
731681
631047
588771
869642
212225
737625
493650
465029
585238
531972
276895
492121
590351
259553
877600
214192
772024
824244
718350
817946
880778
856651
897537
367179
749008
896572
400686
117082
330092
538546
563379
178030
540264
500981
440190
674188
868144
492929
697249
595120
999442
598132
124993
204931
205393
679900
711451
454987
481443
883591
384879
716474
258196
551068
694803
846349
613324
717560
829494
459532
114835
863188
102035
323643
156796
181123
521100
558676
490482
544101
902719
629874
344390
268818
678578
951204
360774
925994
566527
366179
480477
419609
607684
383909
588858
408820
390869
460877
265023
902312
630607
308040
309314
571479
154564
214403
293912
956523
801192
339566
335002
885595
789936
110840
185513
386488
341853
762551
560018
504214
708953
788215
891860
437079
589787
773510
151493
514803
306907
681561
123793
484118
969099
766045
679067
920541
314435
380961
383228
372033
420666
385101
935524
108553
220016
978454
224050
255833
252145
406309
878177
446550
467803
737678
545741
759546
871842
917146
864769
179937
658258
508210
205732
781500
718639
193415
605792
320652
715758
769077
856976
743050
938697
440554
353970
591453
726924
120878
107936
592417
287002
726767
282214
670734
706307
717370
579484
784207
192023
699153
772856
958948
355039
779971
403599
207059
927372
310077
143989
352848
730570
860905
920412
638957
921556
102429
932869
750727
538046
456596
537217
994531
542931
353390
895971
771110
795159
116879
114950
477419
642314
602868
912732
476729
713009
828402
842424
822468
274084
535784
172041
556805
750303
362368
346769
845796
603678
494789
889930
448734
687878
899443
404364
991262
422662
954955
772487
599209
419343
342086
840201
745595
716637
885449
161125
785572
942702
969872
925032
722462
160435
434196
196407
841285
558852
156039
576364
978234
276672
840350
161891
180107
984041
950592
150667
708360
520685
238835
796545
794975
649922
852200
734826
238292
593680
153305
710334
163588
928143
590334
737447
984575
173040
714090
111510
171608
295172
414933
860329
685671
952494
160951
834863
524081
846341
586152
973495
104290
824765
864784
933053
759411
871847
873818
733592
398558
337383
905662
279636
800045
334167
638933
342489
342500
799818
509585
299834
241550
719901
250260
407053
885185
267823
531330
351604
352715
306984
595941
509497
744952
106932
523784
770178
562101
324822
964202
194100
683887
436757
316248
508802
665699
503099
497029
227621
929457
701890
301588
610555
543582
226388
985915
521514
264563
215513
517105
129847
242279
492514
897851
867156
115678
479254
730765
206659
994747
694906
182256
310498
106998
516053
960143
199115
110933
998227
844558
351538
570056
965618
697364
206966
182357
722998
562769
572592
686261
142750
867640
477723
562978
395019
467404
412898
963058
929835
702960
217382
828086
881610
912435
648674
257204
939341
939183
814561
218749
841027
692343
508554
871251
432764
967779
580432
272428
824581
472651
234051
777468
652115
916975
195253
466428
164619
106190
911947
247685
670529
784188
187802
107190
464250
488861
647988
595558
394931
473503
610564
684529
993391
141802
280211
718460
486270
947787
658113
685111
997365
323018
628580
275560
500259
441438
363970
100693
962187
752880
764532
890654
896865
265601
950564
681945
686175
991725
461091
868613
748301
150667
723176
580699
286455
919974
998936
254497
158739
492153
966637
525095
161748
161746
596541
174024
153868
747201
599846
253764
852898
928050
718977
756065
498765
865897
665114
595829
200944
333216
799324
869849
288276
562058
959936
400987
716285
976083
671217
363641
846298
344442
950735
317659
872975
994436
335229
591628
108119
539558
589812
861741
301033
724713
166958
254224
260129
164596
333703
780101
624060
404049
746874
207852
373032
242567
739683
752975
225256
543937
171641
834464
491017
114164
525214
410447
469032
611749
981796
506855
577786
261846
278645
387786
885407
759650
771834
318177
734425
440070
103118
564133
496116
559396
626330
725270
575040
157228
346565
335277
795554
208489
526862
607808
335502
854946
194535
706852
977653
258278
102292
383744
408606
585002
659292
584363
180829
591600
829763
160675
192796
915566
388767
223346
941419
187124
660586
958600
232161
497122
828245
195827
901700
176004
468913
859931
586547
929234
232481
842241
491373
904562
486326
980374
680920
971399
904630
123552
771687
114175
545904
659063
704757
107346
568308
384970
678932
742358
375232
822920
860491
752064
985635
433691
574096
188908
525776
924050
653362
952425
479107
627195
321953
844905
454184
767817
959368
714003
586898
796785
126993
507056
608584
899277
240318
780795
809489
556942
511576
420348
871273
984885
457293
980671
839160
736551
229233
479116
893567
816426
231547
434533
548092
269308
199643
822315
712988
300152
993186
298494
708800
983677
501515
748229
611458
245696
581440
953089
412197
729913
472379
261462
250268
109323
973469
461222
910155
359626
427946
301700
768126
661625
471060
336483
208297
899789
289721
849984
592766
432164
952137
294044
829277
292791
535369
336761
397292
806382
964483
660698
609524
903542
835284
975381
947417
364589
850433
382235
698576
867168
152714
512486
212188
716554
231931
366426
939997
144050
258755
794679
164545
528175
843838
340157
338115
116921
135480
325996
603085
367766
757237
335673
810746
723039
604900
767361
272890
521965
208480
704508
661251
436443
201903
435792
246929
771364
166441
855640
681295
898445
602180
979851
792595
598945
771435
236048
327800
423831
139994
531592
781262
935217
475049
743616
312220
785743
743535
369087
117103
972812
949885
921376
908901
637724
951998
682842
827388
168743
492530
496871
986313
757166
246805
697027
685802
213344
157886
316069
625375
645705
443606
518616
604569
995229
163499
304942
951248
697302
200798
315127
864540
996411
886524
788601
454709
800072
413609
190540
389082
649719
291066
177781
230404
325645
903722
779410
956009
645824
797068
300474
990561
822839
614798
940248
254021
795721
112986
406303
525540
954452
502110
891780
404947
980256
682049
550137
577114
348983
605419
652336
113791
521428
222584
322399
831830
651483
686117
934383
787153
837607
992163
105784
395766
883499
325270
404609
982473
497001
315078
933331
762372
332005
863250
562978
991068
367059
561077
374101
254558
693548
926492
267567
509820
574764
957268
559530
519419
384027
365249
428784
739389
951847
646242
403591
691287
713856
991962
518202
813246
103490
381633
178479
260495
877831
686380
487007
378414
541900
242121
297958
700418
161411
543219
711046
839977
686011
655634
907248
248231
242672
766143
130266
523729
813286
415694
354869
770553
402279
780103
125335
501716
708730
118514
109505
353314
101785
808901
588036
123281
226683
278389
865267
413184
703054
676834
217373
886291
270010
468956
833020
171072
147855
665177
339841
938979
471390
128518
853418
528011
878233
385998
406662
515076
390466
605672
963347
308008
642554
849139
279594
653473
769639
629138
363184
975051
794644
893331
170331
422944
466619
960456
920123
702389
430640
514244
288245
524545
150039
657883
412266
438209
496810
672277
856603
446525
186371
282505
636848
233936
617870
981565
780894
808629
163340
114965
838194
777521
778538
215232
447453
501649
392261
762296
311545
328948
923352
939694
659662
897266
507367
466510
501661
343298
536972
555496
951968
913589
868804
153438
754822
235073
800855
889816
758056
776142
305873
663978
145291
598939
430538
714303
271521
516222
768466
125629
922999
868019
291338
666032
896940
535873
628616
796483
523146
760676
150385
651757
206632
960824
467505
534410
733588
559529
327722
422686
741723
659181
523562
947649
503520
132004
572753
908277
717954
748625
752562
864707
376720
842092
491023
155096
843217
262441
543429
444113
729231
283596
977091
743729
238192
690528
482449
829587
135594
345823
158870
571766
278424
672076
590470
204743
704652
424534
503472
518853
416439
175651
630672
770968
621919
580255
842005
174712
722510
860969
258522
790286
910309
773782
997062
672080
937121
538714
904514
413284
542930
590447
575983
175831
207228
921432
566009
919359
685605
402278
959466
343138
472939
208382
406634
300369
871143
287311
480230
259891
657533
757386
410432
251531
294792
221947
902105
688021
924238
324070
907021
252413
946482
116620
512884
833609
137389
806517
843986
604300
855434
710100
342116
470513
841262
355104
738620
623322
629104
950526
323398
619515
243005
991754
494872
990514
234276
279886
722756
433307
618931
495961
964091
132492
335272
360939
448444
434494
164507
218272
178708
868291
883683
784009
220931
522241
499915
328302
664008
568463
761817
400207
922507
729367
542195
322757
714284
104593
654186
962907
781085
315536
663301
216870
680702
349321
720381
111087
318839
906480
600504
473930
814720
350310
607676
977352
378754
986572
638642
191463
244348
458028
628819
139206
566657
963534
630056
983419
673005
331034
512881
924248
212798
313687
734781
898206
245566
815964
902086
263977
505371
338699
896845
254463
566912
954890
816320
507821
214586
370998
546702
618956
304772
170548
205090
584392
497188
597436
901168
787066
124716
151442
308625
946741
258259
288279
173369
221519
336055
571262
960996
323330
911724
320387
845294
678967
806433
379749
110738
647198
908917
565446
124652
439776
398052
639049
381994
263652
742245
583069
761818
490198
562165
759450
167698
980871
203014
725292
780971
265699
466799
975368
803310
933592
883630
347849
119949
149053
509649
773221
861156
418911
169879
612254
467307
865749
782936
946166
292760
424087
983226
494820
103377
170057
229866
424617
125887
174154
871600
473359
268552
875511
370442
264753
409013
825738
947849
673532
618921
413851
689400
869685
181083
679694
496605
607030
972739
144423
124351
656486
166273
397660
917677
653580
144574
182233
555962
716031
774126
172449
756154
422631
492812
355771
555005
101810
885315
272181
980286
970415
528077
691246
674928
698004
639643
644444
864835
100560
276274
726354
235220
914597
786416
693880
108062
343313
435233
624289
314670
915139
982976
144324
259582
230153
984424
800198
168017
147994
192256
653247
382232
581956
410184
468153
105986
872653
467203
400174
636430
775824
943875
219886
626609
158346
347493
181788
770613
142359
694624
623019
480068
938653
432700
776472
339931
638133
741892
894630
123185
229018
952930
213654
592037
727787
603520
114263
182397
106030
530473
747048
335035
596757
253345
656830
147117
174062
838255
789105
517517
588004
977971
806045
961226
667193
298017
172266
948863
349356
870616
519526
785020
678031
332773
405811
226871
811066
122323
972939
714331
244214
790744
714101
383749
937740
302928
823509
528972
912552
131730
666375
105028
542978
964012
451509
484070
596525
902021
370483
413522
642580
472581
451014
358103
545630
548255
693579
102380
657361
110931
517731
679201
838034
508424
774199
674953
974891
183766
281910
923493
261694
888242
917182
950217
176592
395951
866322
131384
839081
313449
478652
625286
884274
579214
627199
354584
233159
403962
852569
559425
668914
771917
946151
864301
268435
237494
972619
487754
352810
932381
785541
347191
695946
210462
811721
832120
261647
218147
373039
856787
878434
398797
433213
734114
144867
564327
649532
444567
368321
134488
835703
260123
169599
855548
557687
518099
701016
383588
205311
413120
100032
773537
926684
160660
532087
473268
911822
898878
517028
398829
610890
595162
724130
784068
647564
721265
692074
761295
380025
168926
553614
683438
566405
196678
700490
917442
691365
136265
557604
686931
984321
646163
246172
996454
789622
751394
261411
614063
138447
432179
819375
292353
521105
313036
765132
119091
525014
353387
118206
685716
174742
352791
118035
777702
522005
439297
150895
487258
299871
187856
262357
500739
868335
584296
905736
271309
999303
361303
450937
762895
714172
319910
170058
670668
829481
477412
794695
384744
578659
172787
459587
685683
815958
273054
916492
992438
846027
392373
593724
270602
795737
968895
513569
982449
964020
808667
836897
994410
878108
112131
704334
161958
828764
381371
513764
812966
326765
175872
349274
785965
425998
471088
179563
267781
445822
808378
821542
457489
550467
326561
500602
170606
618078
416547
521540
118709
754435
857671
718358
970663
228470
812296
670454
626067
914197
480201
379788
773164
465704
198719
345234
922715
151279
963071
829712
311293
612245
536950
792196
923585
800529
407038
485117
353520
869615
786822
427137
433015
652675
176886
271064
161398
143366
136248
132721
775355
204600
171104
252186
444422
316538
373418
755021
462481
640021
293946
769376
317752
870844
513440
797075
319287
193564
335522
101312
785020
362460
700486
942688
245105
102579
379232
601968
598919
691944
367302
111351
515684
775004
318925
825027
303477
737214
185393
224685
419360
262028
386039
781624
478484
116980
213195
736882
449296
766510
426361
509982
833677
263983
628414
121372
423285
128784
898121
348927
325523
820959
232295
407455
430630
850199
117923
475225
492251
293844
856106
568258
444637
944700
639036
134850
125485
261072
945391
590250
689954
413544
320452
294088
931185
794600
349324
960412
582177
799570
867438
671679
509154
322193
163505
758424
164722
315639
143718
862928
506843
608713
548989
845429
668125
955900
823041
518789
517040
180380
600070
190852
736206
500784
859858
371422
566469
424479
534889
721113
696959
329294
960963
509184
704201
809654
848044
326809
792433
577311
156189
754163
874835
405465
291494
849852
958166
407263
624897
733919
669676
420156
717581
334212
275163
871257
579542
975063
515080
337919
897722
966581
632723
258158
608893
731347
192097
547702
500874
338905
444870
511911
259098
709098
523171
437341
733327
879050
993727
308386
119694
426119
916757
143370
737815
615015
506326
230421
232953
274068
207549
711056
373197
109790
739212
283582
914180
526506
238818
318603
101112
734685
248405
161874
167440
962941
340105
603359
880313
662678
201696
851142
210749
761798
523124
851629
660791
968196
142594
563516
778866
378704
636627
147598
292153
967502
682942
194633
579083
444231
254635
287176
205662
719530
297049
396601
427695
867941
292001
644626
208130
379565
363327
988508
273085
128060
933427
149074
488353
558945
823304
712750
709863
909377
590745
579741
729238
870977
760657
661177
757711
156506
153966
726667
236947
192699
579336
993589
495594
873440
140650
223124
385428
535232
957120
676005
434667
293408
216934
862008
332865
886400
566319
945621
924722
479811
605101
873081
302608
774844
625061
985744
643690
649655
723281
474477
877637
818152
177207
693507
375001
921298
397586
994063
310629
668796
502217
332339
606002
234054
665366
961095
960623
554900
821269
889030
845561
190444
146619
760349
291963
397088
896490
753335
674921
883101
273684
646955
861761
103930
182571
346413
827624
173938
886514
536245
199253
791633
890099
434649
743419
345894
742627
765134
350500
514667
712876
173643
958072
783949
530415
159732
661886
465604
458161
954021
981342
752742
583110
418940
879258
868007
519045
865656
711853
418658
312686
199048
967820
110352
512833
750111
840572
648354
710925
628736
647652
992384
513731
890617
580378
405092
530009
599088
715616
887504
980602
125628
348332
677381
250601
676078
209618
995769
359610
473533
471155
875443
288153
307558
267119
353869
905954
272249
405375
396036
145023
126956
705847
417904
781975
664934
882753
296078
199452
895347
204626
206359
841489
428037
777444
202923
689673
113668
442248
607855
775520
459766
627053
403252
645005
817964
219406
597407
743804
215094
310998
459557
634173
680599
112283
160761
955461
382165
117636
653126
887510
574974
176172
873373
973257
515531
117720
999612
808510
948240
287438
286746
453853
339741
721749
183912
104576
146930
717909
764981
390599
313679
524252
309477
926086
830989
111941
821854
849335
188113
733076
498399
839690
502793
930107
647090
563257
131356
584133
366387
853940
854455
802047
667286
667113
738655
286646
178339
325669
281463
723035
836420
566784
998844
970913
464469
449411
576195
672316
954316
853103
482194
293151
880961
968115
295815
479984
668992
915827
346910
689437
366366
744784
606331
175823
319789
257847
115208
240083
453216
109678
255939
744603
895083
600595
131499
170510
286192
995115
882698
563315
454865
409670
316446
344176
800984
788789
746122
166357
376640
689430
101158
508145
933859
157417
403044
264465
529594
441915
623745
516923
532306
509910
829866
441992
718073
188587
457886
875558
451287
505628
472342
329990
227437
995773
799585
706448
458725
612149
872854
145933
843379
481200
302401
652844
298033
174021
608557
535373
608544
367748
975543
352163
824554
869483
335378
611441
972261
287820
736579
759034
854911
314206
421956
998582
336189
581451
470620
663115
166058
126748
280873
201359
662496
147085
450944
513529
387634
175908
940544
162018
484315
398958
220406
597361
582834
171770
569656
981411
657130
877860
216277
670906
155728
419457
440335
885233
596047
119767
725155
995949
469460
160542
888114
602310
339091
216896
468302
824740
309012
921145
350041
957358
315798
308814
931528
217488
992973
374102
898843
762220
207261
868089
437247
849306
431480
611810
235960
241560
784343
450056
948958
382717
601652
708337
505170
804306
875246
495913
700627
547531
364493
820588
919589
376719
219956
856627
874424
512956
518033
135297
176099
963386
567842
609518
932084
404225
361814
656117
764616
679426
416082
430274
605550
749649
891568
933679
141430
320008
762083
130019
222835
815537
362206
112048
211195
260091
713571
897242
680990
458598
257322
576318
397264
984968
527138
323042
490997
378554
970262
764244
971951
988399
478516
695511
237722
278622
628710
264728
696065
998644
934486
258109
802458
954321
220661
117226
568449
368923
325251
487549
310350
172109
669971
157281
788434
412548
687209
904561
326258
299079
321116
700260
568713
736713
458013
539487
146528
600215
231735
521905
924202
548237
939841
197755
817915
607693
384136
261726
832881
519099
467610
191741
771751
693822
798048
235535
394751
609467
830878
396326
124806
421299
168419
913088
792972
924291
837173
401572
314056
632503
424525
222779
995888
603361
408714
125374
643340
952459
852477
392974
306948
180969
994105
457025
978171
273143
304621
602133
771388
969688
342038
529781
758750
658188
499731
483154
800725
605604
141587
154406
376219
726892
167766
157285
743550
828871
568508
209990
967404
352633
950215
887881
932083
152647
719606
382234
851168
898125
182170
952808
793082
287667
315356
222436
417032
472121
857506
680227
103142
166380
799306
380440
836923
491816
906076
259290
630461
681219
821980
332816
672531
337283
312487
471462
518618
953255
571356
501973
140508
217757
993493
403116
546103
467423
475995
997856
722108
856936
591710
187908
336897
191777
268180
829936
181197
243769
262154
595869
301290
251683
291631
820575
303915
614487
307242
245882
995488
746616
817622
800283
548307
174217
387036
321294
172201
126304
950938
248510
694863
430029
397590
890553
137768
132359
502978
294584
515719
614216
608982
577689
274291
185871
866534
809359
367805
878947
394860
235240
759797
453095
773567
237289
605586
442118
438621
498247
359620
189611
564401
991472
585544
934734
425674
821179
758706
124709
293148
988659
478352
945798
986760
917800
310348
150245
248284
692098
815294
878259
447636
912395
153641
287925
630613
664392
864275
747177
485770
230346
856402
707489
104684
738570
222913
990609
426586
665963
984160
972314
436667
596453
113225
836282
387905
546902
679028
556225
513264
954964
197504
862446
239193
443705
766819
837111
377264
213062
185009
431009
746466
968305
423771
809049
193172
891919
985725
354271
597990
864919
128694
146886
951347
678416
294799
138783
443659
397405
897117
767735
189107
900895
401773
311336
384862
779499
921955
290648
368212
511971
485736
754325
409252
501183
519852
996936
774811
665038
900264
546336
785980
694191
613839
187798
852538
430529
187844
901111
952920
969319
391090
788168
277867
985565
122015
355376
924935
737576
136079
934117
765898
341877
397660
320449
182457
140836
778064
435586
880093
804951
911599
122543
559867
350744
413292
551300
267792
651554
502778
445870
841954
420112
518356
277549
223244
737189
330365
898238
148040
243260
965744
892590
760792
867452
181579
974137
304481
928707
381109
414307
375102
654607
473491
339712
231219
306874
938518
808690
319962
412996
203561
830959
899382
435530
948659
111880
299013
701991
259707
456858
499820
298304
374720
304804
925163
104435
973452
272746
621569
697122
692844
365879
160452
276396
802556
161463
745139
117082
470513
352103
646325
123163
990527
581857
209467
542179
769709
662739
294026
579634
630974
134718
560546
471268
453744
590465
335946
994668
234469
993763
949190
513168
824531
393572
526672
906344
377024
144008
993207
729479
616800
249772
422098
541758
157711
653362
153969
610270
428483
524931
435577
750822
603244
767062
440918
181265
958659
434979
605546
945548
125202
672835
397254
825458
135726
652207
937958
138915
512413
222296
533535
968039
479334
605143
118216
794441
591753
630008
997455
406142
545599
200549
855855
858896
540678
567214
801532
683946
196414
780563
137380
726793
634646
406041
555242
106572
281480
356107
245823
207475
804982
112987
638918
344339
866161
490282
893634
837650
581270
259011
175173
283557
607897
517447
692701
323616
820726
285881
381676
703157
335783
634220
570383
441040
502779
115037
644019
345082
218836
787330
425799
604410
140453
191645
743685
747096
646142
862535
241361
381019
985065
878957
106976
635628
147496
733018
456688
174147
251779
445974
791160
601872
208559
227534
824970
834014
392775
325611
464285
738152
760979
768940
882044
106965
901529
585901
319875
583401
879663
939090
503437
556380
623995
963214
438721
780072
586481
204485
485647
733146
119555
217109
436395
893945
330264
466275
467398
828025
261688
646431
522220
993283
738908
724684
614488
695130
772937
834354
757945
103060
269009
318157
802654
653246
771418
612594
394401
136412
392846
597053
856311
643886
858222
586092
136766
897116
207775
524167
563769
214689
988242
550893
624203
541154
115992
650061
222712
256940
392319
579760
557924
817793
391724
425713
349903
655673
511751
566066
661168
534595
599911
130963
260631
200263
560801
236669
145387
234899
233421
479081
173798
115414
602922
630032
405137
781172
629369
963324
739234
568100
930032
875821
737222
933582
229448
866074
473064
370786
253581
492695
540224
516556
740515
735383
519338
511554
121295
387795
697363
630523
457126
651706
953994
687795
885796
683928
915623
356334
978852
246689
423076
824919
668486
994898
196642
690635
695390
145241
644774
770645
709313
972480
273268
788877
223206
260668
443679
372778
646804
930004
626962
941346
494805
779710
243660
946077
192820
272889
585797
328151
189823
128373
256084
886002
440917
942688
744639
852191
930187
708457
505327
202487
594119
692459
600648
521110
786789
300219
661142
581168
742008
208571
877510
506430
697869
752760
296982
923945
888251
689710
557250
429108
819119
498131
991904
362482
958313
470454
483679
178479
333113
240119
951431
805813
459681
514673
554180
704733
349724
639058
351894
456402
366059
935325
755337
164367
602946
128046
401471
363025
417774
450900
156970
329385
944040
253105
483490
167080
471807
279820
682483
200814
360829
333108
165292
400283
808974
319193
135041
949566
850177
142275
204497
381731
539097
348192
904874
707969
828723
347913
974851
145619
306943
346848
267160
531025
396554
761705
182044
290859
383162
250736
948820
827825
431974
207339
131614
375501
311661
251812
838470
119250
870346
863396
399253
582522
937543
950335
716669
138219
299457
888344
227945
552899
327252
171902
257537
658521
994262
695176
936638
142477
825722
804190
935396
310997
616126
258238
688006
226745
301827
787512
305332
468433
379230
296119
728406
182964
799300
503049
143939
539127
156575
860175
452737
157144
841339
210690
653376
945289
859840
465631
204471
987241
206501
407682
950828
600880
356816
700200
128272
293723
650352
183957
726005
656748
665649
479707
462681
181404
933317
861681
981362
619572
384430
560417
839450
567048
416026
769710
592951
891502
688093
170264
490515
490553
808697
415006
674276
243682
600995
373618
213059
567216
886807
556921
867046
908098
812938
968556
242624
288873
171306
290502
659255
605358
762219
595137
285298
926105
894086
982417
353371
338874
475015
924026
390235
677811
740742
321715
670749
319018
975018
725438
230723
332341
865534
559141
294610
986373
756296
416210
466801
519484
185727
508151
158644
337280
565488
650678
825969
330599
556510
834480
124067
154611
766752
859642
956076
305353
106030
414152
287779
579213
740279
997538
255599
733831
505221
584170
917170
854280
323186
163328
645513
114078
242532
562855
934140
323562
277866
985182
758080
234520
842241
408336
796579
359222
224435
655178
198764
129165
236608
605969
555652
189344
474191
753617
363459
301518
517565
504814
392047
885797
644804
452278
526344
921317
701746
335334
116182
119783
599841
706611
668265
444377
678594
861526
629593
193138
856140
295746
928084
399450
825401
554016
393074
123003
659069
175040
143585
761591
748749
350663
694188
571016
196282
631814
476401
112794
949653
276891
819906
346258
905182
747470
699917
162737
366159
677878
198151
666773
913523
830499
379168
689859
187436
413882
475204
613649
604621
703620
214233
166276
131821
551751
989210
229601
283240
838089
304783
425943
457194
463929
518705
692905
249466
813067
494587
558996
953130
545219
567408
224167
126687
510796
221707
988118
693681
148608
894282
862415
267365
422255
107400
644232
912479
249451
622666
757964
424427
121199
512220
598964
620619
524481
693596
476739
566886
727840
253141
167296
851311
811293
694321
896436
827236
122870
980250
757379
259831
214625
218800
490119
795785
629799
422364
771921
306622
302685
562759
331572
273619
366511
994690
115961
868386
543239
472580
840615
522435
640822
278846
435489
629648
307968
930200
151302
957705
344356
536676
619542
380753
228821
100339
927722
195362
379958
511251
614804
909990
793088
105189
340805
499948
388495
159069
577742
816359
543990
354179
287264
977414
983406
511351
335148
877106
100361
607318
416033
728663
116955
698188
703787
820897
147624
942412
938800
210910
918062
985030
765802
668130
136949
583313
673168
261596
136263
418876
943375
465816
230743
643989
468457
780278
703475
561911
821506
150455
500503
126679
181308
444388
161762
424668
188794
546152
810406
422243
841952
567174
169048
227072
608569
782582
535955
223046
690352
761444
210734
849090
678509
843196
524974
667549
162992
268971
426478
903273
763727
854344
758966
390918
300782
175472
658038
318301
314667
609232
918464
920650
141269
997928
862495
103154
561102
711433
381323
111612
243807
573147
218534
500466
773261
105503
413253
113581
533923
620573
287778
943415
738794
207627
447785
122078
796829
762076
454041
848618
265679
211705
606312
332162
377568
970031
489789
575221
618450
187119
230377
652910
662201
949042
263587
479752
558872
454182
189028
767904
888345
156357
817041
239433
813811
753131
730347
458545
415204
559518
616490
678497
878521
196033
775660
361510
682050
502563
577865
135880
394640
356326
828131
375839
533633
229268
944866
193351
340134
976146
535644
916250
274838
339549
601277
624894
681134
656794
285412
411578
540623
901110
918010
844158
879434
638469
773828
848635
660972
937434
531459
429034
600627
965978
388290
653448
961549
389626
389416
165390
206497
479160
654109
358787
302708
565941
863239
555419
838296
556458
109537
458782
719299
206969
121564
856837
268679
251426
385300
125999
367036
471102
585017
984768
286994
222725
619992
970964
771799
903243
485241
525425
591841
785364
810698
619094
327378
310811
189283
184547
785976
550608
753919
911781
842824
768954
376943
959631
162601
451764
931474
333943
922182
307095
448622
442561
456695
460851
804935
865428
988329
243632
827437
803043
361172
537756
439595
263545
289867
815637
806311
373552
665209
636942
250622
815638
391762
408688
215482
677017
465493
667331
326920
370707
829657
698857
685035
140622
124307
991180
439181
506731
840201
167585
985979
682749
328211
973022
242029
464001
202151
962314
699683
671193
631003
625129
170829
546468
377523
391707
576500
893591
122732
827230
605698
291130
880803
428442
823311
736228
733415
762486
771617
456172
310461
684796
509972
305749
432367
502502
371104
855906
696252
999261
362726
415462
736185
656210
550959
925031
504087
393183
488657
554842
317023
619043
273842
164986
142073
267050
760975
471003
802484
513261
419776
171327
184727
576948
882807
777968
317151
473803
639659
356241
856347
214166
520946
843614
527528
856100
722836
449862
432151
898654
421424
670975
868574
583892
436908
197736
773389
784794
200103
112699
609412
316442
901361
332994
713598
913696
162667
620046
539980
286382
150118
602535
369455
993617
877684
719867
614462
240285
739442
252981
474444
512075
233745
666387
666723
812334
817918
711734
731494
943304
440287
892023
594485
945565
900006
279205
712290
819988
291309
876882
326848
487914
208619
723332
451268
126824
410923
361364
409594
814570
535929
471340
581525
614127
769232
954593
699467
776519
742556
923543
699009
763938
621713
100208
186842
105338
461919
599832
281633
840174
280218
105446
448680
397092
197965
788478
968245
774478
363083
378742
296517
212516
483645
186419
952039
942595
728414
679302
862138
384878
501090
438776
476368
199951
671128
209065
884843
874864
411070
254875
753477
839637
534857
778400
966931
602075
135674
229896
473820
942086
769514
335298
392105
170609
429265
471386
592810
234591
693381
786393
600098
845330
125229
328918
781520
477344
982672
965436
436476
119833
934917
478916
261997
459029
485811
321029
785550
588121
183053
633996
492515
143543
911846
377677
708977
831506
557525
279489
981353
103552
504234
602607
833749
435283
579157
380707
119717
215284
859812
656056
959278
150359
974012
793336
162479
389842
997455
840203
826744
789455
965730
901575
941864
952253
126713
219467
394567
970783
602515
410745
137510
833894
159483
164606
803345
944842
212246
563565
272583
118199
360324
397959
859877
934216
997450
473549
838520
422006
933261
558103
523018
795446
329678
110821
221431
991287
527365
601752
685138
865956
433246
183740
678079
478741
264388
904280
806752
963063
462559
924441
583774
923565
205256
946294
794161
250179
812583
210033
603232
370644
145094
981477
850566
619789
233067
931268
924479
332239
430791
894595
980282
277693
753034
818802
839917
723672
571572
276032
249817
248200
777824
720631
223352
760656
106302
540837
311697
638751
418241
216086
674535
550406
225737
278141
948529
441776
501214
591282
750012
834283
189322
375178
419470
848447
746054
746863
105666
910690
871070
367542
968413
707919
367595
741694
971702
810060
343439
510999
867151
960273
276501
294772
854887
390066
990004
818369
588838
241356
290219
189076
559364
982644
121326
955166
172392
603911
569975
579080
283400
603441
486355
397822
462008
789086
905304
240465
248522
291016
238355
611999
585968
731644
479030
676455
608237
292241
687922
881304
846700
630712
686800
233389
505642
510109
374241
407641
271260
877383
915697
369891
325729
708747
639122
682275
679173
692143
471488
946877
402700
546618
500306
138650
635358
273629
303260
942558
319484
605068
228503
792083
621179
737321
756989
148680
144576
900144
282711
242086
574983
468842
614427
931159
305554
701386
189777
858206
768679
244291
767466
970636
626647
928014
599658
593282
650898
914114
876142
469255
724405
329521
902867
856673
487068
596769
894951
754978
371385
726062
168354
846389
829863
802884
563864
378234
294989
256401
530904
413374
934453
309330
581461
129739
352445
815220
127849
578402
415032
751416
400798
612678
625608
316579
188695
311555
597668
583937
927138
864991
762413
928728
363833
969521
534793
669416
748305
105700
663517
540897
583637
354475
769006
392463
935369
595747
413331
143945
298563
515520
115970
468749
374846
518343
130193
718569
401700
634577
287228
259356
705871
161771
896795
558448
746503
887466
109310
810520
327343
847180
927722
564943
238466
905699
356244
778254
781974
671894
395121
958690
919313
788531
512804
973154
776360
546610
228466
455792
181970
334029
381295
588937
535701
722559
194338
424884
250615
825260
837447
365507
398662
209321
338858
472030
889483
563717
967500
816484
112653
243677
728074
876506
774795
547276
617103
477653
697953
407700
622824
722022
811600
581656
712342
863890
863823
786144
643086
448165
377434
943980
534966
938454
107799
146424
759743
430678
410607
943736
532792
952498
646042
611768
963888
423923
511473
889345
910582
393710
928015
212735
462617
827299
293706
431103
343709
502894
295351
742419
510553
816973
708912
979799
980787
696683
617803
609950
985375
177808
109019
633538
403397
400781
857097
233826
316017
355455
234510
474423
637839
229118
791684
386201
109372
618148
166636
717455
431457
901702
567989
844377
203362
899128
984804
183200
497735
125562
151848
555782
242639
223529
855868
506557
911343
345598
144236
673466
208563
223762
343383
236882
612994
363140
988217
939333
699295
132314
456749
122632
263538
104752
793581
146370
293022
357557
898618
874840
821969
653364
767460
148001
124126
913193
992910
619700
375111
556065
991800
838685
723934
320224
391987
627803
727826
173332
577134
292299
238369
691764
184244
926305
989131
257207
316287
117623
439709
164856
491274
556410
126616
945535
140491
871700
790437
766545
197527
411287
386139
727548
219038
653683
641990
676424
721699
369420
159342
574181
717367
784855
907081
353202
682180
484130
589051
190742
261559
626678
982252
251485
429904
336896
911711
727694
865751
532132
749805
617880
442091
277817
159964
482966
318469
485071
553427
424792
453341
473443
129344
716778
625425
228301
541542
351270
242043
596291
622501
965009
142931
547381
651659
327209
626171
744508
317980
730092
175139
604389
940740
239029
190455
859055
260545
265416
397774
436036
115236
644641
741767
752906
845678
983536
690605
920074
406241
446850
617953
898790
934809
463571
498915
382573
765741
167988
351807
491936
422593
511596
531829
552714
353274
378921
133196
420576
874683
946472
636825
113964
233404
199101
197416
251104
417214
866117
264488
344945
198236
101910
654095
929649
318645
836881
795941
696754
853623
423264
960407
608222
101811
503817
668428
707897
877556
679899
867029
757088
271654
585470
678230
328043
872315
159983
156349
632465
123799
428192
161580
262180
707438
907523
729747
772809
820540
516331
610008
954139
938016
271608
937625
921920
928234
435456
298075
143418
608723
519661
191105
654742
541145
675945
531092
151142
621502
579962
685429
722547
853398
980986
268400
145219
681850
157358
492386
877253
392803
404034
490221
324903
639715
874524
397179
824898
698457
961764
182281
271918
539665
347871
571867
840197
224827
258401
222774
407073
781702
993588
550629
413522
426057
795420
367429
956702
884069
538772
643737
537515
322703
990145
495981
517051
299463
546826
519504
557643
418650
504320
157627
666686
837426
431078
246702
225300
631166
575857
907199
149669
875716
748062
566005
967486
234163
815129
134853
881455
156519
776335
131309
994201
765719
510525
888897
560648
304124
388753
327568
612141
432808
369058
880488
247701
912761
988077
982935
822018
630796
822145
758803
640901
420447
394496
252208
320316
130076
916351
980096
369357
900701
603873
783320
863077
689706
293592
410276
783941
573478
292170
392811
681563
817754
228529
503759
831909
660012
701343
654328
963365
733592
336427
235585
594801
770450
229396
718354
719301
319194
314847
223403
219722
645048
423705
656408
804625
385602
312901
231717
793418
888286
228449
256483
679384
906211
433210
789803
566851
543027
112884
449640
939715
268620
170468
366865
436599
134286
707705
306927
644643
418298
679677
953542
390345
531800
439212
948079
961715
880576
672303
698615
577873
685053
867598
928662
647052
506387
117330
123531
533306
136907
154404
652733
756325
277022
570074
427896
596672
424127
580865
338211
221693
754550
243199
577937
681900
665042
719902
653473
574276
694310
223334
361263
190153
631095
775538
297501
524746
656024
693186
743321
764019
475927
765797
619378
953645
619135
277661
911015
143575
576225
680454
377071
928913
869559
905556
614288
580233
869337
433259
244717
871183
590659
421450
625006
809275
312933
481585
130315
753784
887819
682872
141229
727361
439466
380638
507805
135030
872340
217116
892296
866921
202050
441283
160879
229132
255310
961333
608872
386333
164924
771336
166045
159730
225590
196691
545172
384444
765432
188366
930784
843349
182203
410764
457724
837978
510615
550278
706522
926347
992483
879411
383780
420225
170198
407245
912475
541727
664911
924337
787503
293835
339971
421777
423995
412201
400513
319648
752374
631520
862504
691891
876247
743820
373746
609473
267826
747221
820706
116644
802472
202787
444991
268048
182664
401619
709895
232395
818882
102140
864137
547168
404273
804382
227688
160925
855007
223923
752639
191051
981113
866802
993218
187311
689556
771921
177084
172667
394694
458372
898758
331565
394658
263000
705405
495247
521202
734916
554293
421885
651883
821166
863384
773307
742660
492729
362812
771653
219113
579209
665069
366908
453643
360517
157544
410519
370955
365910
437440
877050
370842
486984
535023
220036
777043
745556
109157
941377
581633
468943
638969
207005
593508
931379
332220
102574
295978
315224
882763
895442
958269
901909
784439
597210
745529
935708
733386
279099
553976
506452
642100
638960
274939
313428
482725
203773
788817
652560
969726
738522
483950
972612
344901
724242
627209
916068
195754
273470
747146
786561
542799
810948
820905
981518
795495
576565
484699
982504
135555
889622
628931
386336
414772
513782
578807
569953
254870
481611
539838
792544
429114
464896
899675
206423
999797
392545
189964
339525
108589
727955
110537
733625
318499
425639
597543
982307
459141
177563
392376
381277
862923
575296
574887
884700
143376
451765
180381
490811
656530
230741
300720
165248
565015
876029
768628
920373
888942
194705
914658
409263
550679
952972
334091
271282
583162
493911
578477
143030
366747
552152
218195
956583
876828
820392
110580
134190
660898
824632
491442
490565
485040
291866
971665
998136
426723
357985
593269
834973
843262
654361
633843
217784
477458
633579
323385
330928
218389
854578
284629
289346
930049
344871
215401
739252
980114
862946
990031
764015
800408
329135
996082
273229
166672
963697
707657
658572
186924
646177
848226
243472
702714
462624
859209
162398
382901
552080
720515
706930
322863
919572
513293
756169
694883
734096
480945
641988
573216
589429
184316
551681
294780
429766
764359
179107
837001
460648
203762
326661
992333
516714
173520
256663
647117
723887
948221
919475
831279
752695
220733
255160
671681
388578
528026
115365
819455
326527
434825
990498
294703
168490
250423
253275
552007
481949
810303
873466
873129
409863
742437
718716
410431
785758
903111
820131
299901
137178
338824
169273
649272
284877
578527
938184
781092
334577
451013
140065
681597
872918
571576
402144
310971
194093
220967
977278
306225
737370
196476
804149
419983
160449
381483
519392
951688
800688
752575
503010
408157
336577
511905
506583
732940
838876
978965
517072
742408
171781
330790
513145
171120
702426
808349
189578
838648
896594
791984
244008
675364
533320
694282
783032
835579
795575
982618
330432
257485
744131
170617
142726
746442
847562
107031
285689
238080
392805
628370
527503
479448
692659
251092
298656
184946
530947
594324
926578
118087
578400
586517
500689
978514
434237
468550
631134
835259
459688
346501
962178
366664
932316
943926
780431
117739
925254
197522
368342
117562
380876
329127
733650
263756
892930
793961
710988
146536
468323
949311
998787
880686
142346
637735
567347
178108
468932
605463
908706
219795
894746
924936
925573
562561
887158
390395
340092
160468
905435
847691
500773
459716
890057
312436
792682
560636
141885
864138
205028
289258
207937
861364
929005
859713
939354
756764
126145
906892
973682
192002
151857
339340
401869
860768
367894
940540
248812
235703
439937
652627
478373
112226
410148
961220
479159
119601
130311
871611
865643
815177
523081
907624
482755
701328
598990
416762
442218
158691
708514
523948
562759
333523
715901
593285
927259
754034
692491
362032
159591
940288
830462
416880
954556
255453
425169
716813
762787
592464
107885
204700
696697
119235
519418
283785
969052
858504
714400
531851
635344
840649
326376
680857
539072
708111
925357
284908
970521
274735
565548
287198
549744
296436
405947
391089
132211
858611
511700
297715
120647
628646
924693
640404
836526
918715
369547
177999
394172
170898
376933
984041
353131
594583
865877
626667
235737
662647
780980
582972
350988
316103
310076
250746
587272
135220
905419
637614
380582
185944
826620
458041
315256
991873
497715
310486
387935
690649
787737
444174
779848
579475
484232
175142
915793
445816
239971
380519
242846
523076
278157
648037
242209
150062
176446
562643
310089
426906
243838
770628
501981
926971
515002
755711
882911
388414
258511
974908
263844
884357
695932
237734
480563
700738
120410
374380
435617
368877
243315
718504
691170
366416
406175
706089
223254
549174
772541
261667
461005
426323
350460
944604
592110
470403
478662
345056
764443
461929
856474
905453
964995
292203
692365
953194
220553
540007
274790
391893
992225
165352
215401
658692
545058
436471
787302
105181
358100
540043
442394
650155
616463
322111
907147
710156
457811
335366
386721
384788
207630
789889
198365
234562
198147
780485
361272
219493
124551
456409
239149
302999
123677
515961
858075
207289
679724
808745
647999
996794
575807
829497
312141
735789
492865
467915
732859
876900
501720
884503
506749
540737
276493
516178
448984
403035
602246
790488
739621
823185
567662
642958
396482
573844
778175
412415
497506
470548
846773
224368
620125
305986
634043
521301
929143
825694
699123
530217
307594
166295
457405
719177
778254
788282
354014
493110
885435
992928
987940
341463
889965
456151
953843
204318
947290
850032
478142
713537
491244
954990
962718
842461
458223
264246
195678
539124
816800
986745
388379
324363
379130
360909
241966
921227
359123
339188
410740
196085
332677
696603
725291
684092
992405
693950
221746
114389
736962
994032
710658
685823
349353
137172
577571
368841
280706
341736
213516
216902
845112
152158
589040
633812
872081
874057
447148
258239
594011
848613
490657
920739
834308
106398
477128
133614
288586
352876
206030
746653
628057
906634
277689
684443
523753
682901
751465
361614
325974
695023
629477
334896
418495
298615
774443
905616
238036
660784
484660
204383
729166
623078
730117
804481
679145
266826
356497
144095
933273
988406
342436
792800
782805
910758
730084
890379
864468
222329
131823
579730
272155
930660
665651
450376
593617
847815
261658
775113
646858
767299
496056
406996
943430
252759
728024
218536
298896
308248
102380
755052
139022
711173
615270
609203
925657
525030
965349
194018
793896
275036
251101
561273
263379
562307
285576
396017
218974
852862
712151
307248
893676
657580
349218
717896
446076
847579
558284
633282
395442
974866
273745
253814
646956
512836
966019
429947
710533
340857
143236
714943
365594
422485
799935
663557
408797
355912
239157
801009
309912
537347
570896
733903
506777
632758
406365
455464
569190
514275
105054
789471
739960
991987
842540
650992
255298
596734
473712
147947
665873
230344
767198
757038
468935
981186
856497
224856
760083
653985
582537
297181
353122
172286
528038
501768
821151
109186
380729
880975
534003
339052
540248
559605
231737
997029
883748
523655
683788
308781
660898
679172
338959
599124
623431
336259
764411
446376
340536
327329
317461
446663
260283
926854
910399
690473
961340
206070
827793
991556
625204
262729
899292
305923
836091
640249
991794
265643
804434
226250
199513
495110
162481
295489
911614
655853
114931
848618
495680
911583
453097
394989
337128
728782
404337
475749
380053
167039
504341
125434
123362
976599
457523
198731
286340
213734
515770
348769
276555
647947
766530
229698
111726
173665
670080
354481
710852
913586
259674
724956
224883
407937
273154
329597
560957
101820
671558
278741
345502
631892
427924
294573
972203
470196
893634
412744
893607
312869
580733
665232
858377
549489
937045
884994
940251
261820
917601
229379
987619
970375
408703
577399
903966
175845
925056
345686
775314
233629
603813
746973
156936
532217
910698
979580
538416
910456
566947
445449
555795
230762
249391
329016
396917
145576
563994
355191
493080
818549
586712
879418
697266
267499
478311
842265
544466
817492
363422
882062
751653
374723
738001
781837
893504
784520
798553
978044
957775
102310
137416
469629
379506
998276
299815
101104
355145
311566
392036
758171
403794
524956
520870
955450
807546
100715
656419
576244
568055
723587
668462
264633
932028
582206
553366
171736
645335
304604
320559
173660
827109
282640
973538
596306
264960
755968
719089
780336
244422
455155
618706
440984
763668
436311
825880
712300
807772
899609
301615
394106
200947
869320
212363
591578
847170
918733
781190
847359
963717
525294
515197
955103
921405
307714
488882
282190
469779
147060
537938
530801
357006
164408
421202
810276
518880
994348
691441
937371
113899
381805
190892
856935
771742
408838
779275
140667
844832
718027
240907
471154
653924
324490
736135
761372
367960
669126
390783
708377
375985
753211
586120
625450
486700
415744
850528
100918
526175
433114
162354
741977
957509
434184
775643
410588
253515
668703
347116
573244
793604
520358
433802
821973
487255
409942
892236
651114
944846
621050
168741
686340
604964
639795
832316
153503
864621
531941
654317
790414
853983
721324
339355
484466
162867
322700
770522
694629
141656
251245
613137
608376
627217
666149
916470
905762
865674
859329
368657
769634
170757
908247
350683
819109
769297
331190
296347
535572
363285
505216
230734
215180
944069
597515
606539
539549
489911
272981
416019
443043
303697
332361
388342
479773
478510
669091
775813
715388
770981
269219
328776
688230
788622
109813
249993
104173
451585
884902
881420
736251
447366
188054
704235
445596
776571
556529
641631
602341
366529
171242
820236
591473
534308
762960
628335
976266
103060
201133
856033
634130
691040
856145
977759
574695
897638
276579
112825
397749
987679
287018
843206
759251
361714
262970
724335
499270
204120
528651
553816
231276
970360
582303
617308
114572
440727
833202
472253
909799
531208
267964
113893
874753
367680
665871
278660
505485
358437
457595
621633
121449
565573
354559
558813
304939
705623
705290
364090
860732
760406
813997
418047
476701
303396
662483
459915
594739
703316
432018
240936
577205
217769
625297
622093
983294
240960
581205
855691
970036
177763
543903
819695
880178
255630
266824
147448
841338
906650
230388
184479
212534
834115
991891
931594
945576
176028
494971
463888
239708
694473
769358
286124
457120
364603
579560
755560
416262
465544
565462
848953
373341
121795
744594
464864
398787
233144
930998
173511
418012
311145
514747
504777
652598
880190
505583
692427
580997
154064
140891
170717
752428
599109
586409
299388
840030
918798
428900
320446
116248
268772
977319
404089
680347
122700
657191
657844
892013
609379
699866
241852
945226
121392
977479
114311
295660
997610
541938
517269
974973
717991
164156
951537
527738
720066
324094
819153
647972
480322
613553
255981
404261
278062
351766
782324
726171
341050
556550
654618
627538
576230
184838
548312
906048
996896
500599
623113
603762
372580
802400
832844
353704
666743
331210
128276
981288
149972
579878
681822
490796
445321
356318
268145
811381
736978
531300
119374
667834
733779
201780
125471
218839
758326
884351
719901
608987
107498
539768
434065
519088
694200
173088
761781
694341
778239
476474
277896
943345
844403
548893
432715
834708
636045
260236
401543
433882
689488
563153
920124
591507
225750
189369
272219
347639
527838
286975
461232
237279
396275
254953
839808
428334
570514
872971
301419
849919
985901
720114
436940
782574
876685
769646
134525
291117
168767
415662
519876
568361
239219
587623
707079
339997
587772
113088
166515
654655
521087
886296
968771
424594
238778
840897
780713
347146
939053
518980
600694
410167
363612
688552
593534
851674
576375
369090
747775
374932
637651
795097
644431
530282
337987
596992
396225
707084
664845
273033
401942
131275
791245
777853
558559
104401
636736
316593
978846
583128
606972
352339
302982
733713
402033
533317
222284
432592
585259
629728
905244
702395
387015
900465
868153
929747
703877
416104
661004
323977
525508
857710
872628
699869
625596
611146
721199
919260
349855
106198
462986
328070
773164
902773
312221
429085
797759
947752
612866
200989
469913
632580
244202
992747
958227
718480
616537
321482
119786
176912
976073
206914
121955
497750
102846
388085
379414
171099
749351
643766
989672
575047
430362
538447
730412
789388
568896
712773
303805
689578
389418
678218
598445
746379
345635
539483
874260
654989
232888
938959
884701
860778
783946
683350
177033
515557
588406
628040
480266
685791
906706
664196
972793
376924
993487
171003
245418
248079
704012
169574
378532
967760
861692
982958
709352
169134
255303
378892
352902
354968
935294
609327
501328
772198
406330
933998
793144
434324
176422
645430
373102
918800
560860
278226
154232
666921
872745
857336
699743
799276
295937
478667
320964
846709
755235
238626
700846
164793
107539
426966
329191
306719
207410
674557
350347
297020
572442
327338
821047
105079
618235
751312
564054
555674
452226
280428
159832
994832
208181
295549
631750
345660
513778
969178
767944
327920
681627
854463
574595
627188
682869
691988
958664
869440
225403
302658
720421
405293
873710
655826
555999
586592
627020
163980
171250
797542
359150
450579
256660
309985
997590
417739
430169
475234
318954
967782
654169
471994
213897
348022
499999
835336
879355
174366
340791
890595
304613
760490
335674
565999
627088
414967
483932
946426
465381
661507
189636
242309
315077
100216
367028
788384
395085
760363
608737
944725
916492
266542
215660
928471
583783
305108
195412
300364
913072
795886
215311
679133
840517
662099
732414
614510
648842
364146
191997
372395
770715
524205
815830
617863
209288
445787
410483
721664
821261
364680
201505
276166
700374
535722
183258
836347
948733
650807
350853
469920
342323
400010
590050
590731
176357
424317
176482
371278
519870
937171
855224
339907
862127
892435
651118
872659
193630
640498
629489
561306
237145
678369
276758
725076
807130
627007
466317
568079
523974
278247
961528
439374
754390
213031
678278
629228
452807
235295
876184
973617
718525
752149
776844
693716
707437
625961
768835
976907
688814
696010
363793
995499
906467
734223
276236
499970
436741
530797
992763
622124
774518
734064
333973
123195
543817
971606
392191
822888
584059
104719
912291
318636
677449
235618
429016
482026
646719
367189
881041
614158
292142
513054
792154
143904
504714
623756
474025
492283
853374
983954
340152
976140
310424
450107
486867
970232
549814
849322
513912
296627
335794
984781
663712
732726
389447
832454
345344
759224
981424
772213
468138
872247
344672
272002
948560
597956
752510
620458
433788
430890
122527
710778
742023
694574
635610
199477
220619
238760
254554
967272
610863
815900
288478
688790
649804
194217
536433
713472
121159
747792
509653
777174
222710
640782
986628
994387
286390
939094
127825
993063
814515
664361
267408
124010
377243
333609
219868
611836
343553
362847
769293
205489
962845
814151
708067
148978
623468
373485
537409
342929
195213
399579
319447
396553
186285
143195
308676
698479
962249
528266
386215
301041
105124
845890
285665
757318
178594
989484
255668
920124
129347
896233
335074
920186
594230
508470
730617
367205
227346
671775
855239
152196
781117
458069
738929
851382
568675
850330
196167
306147
292340
467307
884751
956803
830477
193025
147377
313747
418079
830312
850473
991637
838714
927085
161863
323335
329875
422459
800778
261151
232034
582733
204375
967551
231759
147356
806096
321671
524578
146705
648114
730942
659982
876781
344960
627015
710915
630585
567963
129239
159060
174658
484088
331637
139529
288109
869281
454998
682235
828102
960491
573360
230208
235900
917407
126932
346347
567468
577350
435102
599410
645748
261154
294970
914869
252137
231865
951644
604414
772902
322208
207426
241814
620611
520239
892133
521066
461152
531298
764494
450001
431061
984622
610096
668314
776385
939334
733484
235992
610246
414424
296300
579444
214094
949291
910538
494264
300234
627601
274924
507649
271206
911559
353346
348002
461408
481393
691182
137142
783608
443902
354001
901204
151784
936191
907333
402755
539138
245090
399346
490318
344810
428859
438742
324638
502275
540279
829713
124409
346786
710153
707731
656751
312158
941709
553618
968304
191345
181390
848238
331994
204346
549356
291624
388158
192447
292667
652740
584022
299519
149076
284468
303812
771742
543371
375897
405648
691847
535242
982729
359108
394829
776145
805073
407638
544495
383344
810399
670635
427493
983105
265441
372505
204455
919242
785108
357758
921459
784121
111289
304074
277730
495584
383408
734166
929922
603189
279900
180400
883839
283681
564688
711466
847199
428726
907714
932558
596841
714561
636835
613615
465654
581019
685985
585437
839142
366843
182913
661133
585964
831287
809811
856855
334802
474550
466385
904117
587493
962454
898406
237394
122624
459246
134748
611132
404755
912150
542694
217767
701751
928218
435276
395065
912662
956817
792189
965656
396546
522129
175293
821911
375497
622296
787793
613274
387820
289978
201977
240011
788082
292415
369606
983926
354600
156676
816360
496434
109719
484381
815676
349525
583271
654344
611834
209221
936610
797223
407216
979188
153508
191565
490563
144332
554100
141770
541474
653611
300103
254536
945253
201627
168357
594852
508200
785279
724389
624013
942088
946575
685359
762881
884431
113374
273665
720439
418009
250215
812127
617594
601636
172603
740155
334037
491371
913955
285713
460144
684490
272474
937951
778428
954270
492990
288340
487128
331799
352415
995551
244434
945639
402631
291889
922162
237555
902261
603478
914349
472244
614716
837515
422643
375060
623323
244748
801942
548348
412655
712294
122099
734600
555476
936576
282667
249201
333302
614769
487492
691476
226536
722845
264151
643583
177358
246682
466804
891770
815984
876622
619542
513861
183295
258068
824933
263753
715429
339993
411158
274930
256942
512007
237727
269528
641330
526607
112174
725250
534517
474584
968576
743047
762982
254851
421832
247414
791059
381528
933847
878487
804567
806769
305385
675297
447464
721529
308954
462417
750539
227838
579830
615501
589514
368212
629628
303934
204033
646251
958240
873498
895333
766615
843238
317157
919835
227221
729360
437336
381537
344995
163797
531853
716467
686623
655798
418509
711918
472350
776820
216938
145773
785487
297183
635447
348618
865593
242015
865687
900379
213448
337332
862877
576362
591806
843135
788014
775894
279007
430098
374895
574198
606183
455516
765247
452075
468809
497019
559924
761413
361091
212695
689369
230942
389505
857282
866320
947976
630261
139469
302747
183998
384452
956803
397418
889178
797137
741168
392813
276394
929606
351041
565733
572267
236982
947772
412554
805488
338621
322150
598709
348187
383976
656464
764799
763599
375064
346412
447878
344191
825069
128610
417415
370226
332649
267235
569487
915707
396327
762881
209753
968435
324416
496963
593504
584285
824641
349250
108054
201309
559854
382086
561794
978888
865846
677757
172915
817049
172927
361238
139169
526475
971736
134743
241061
449937
193338
625666
255306
342310
345334
776657
435598
945870
429357
542860
653759
964875
423502
216271
898019
330218
380624
379395
712940
649088
978926
240823
183210
272839
285527
933680
813424
783757
751394
491318
722886
732553
952021
707291
180480
366671
503550
377051
477897
129397
764872
426719
609783
493713
341957
310948
750559
788173
934700
865427
522876
281576
392353
741716
844556
710159
315929
790071
319953
949295
794685
547359
428753
857529
703955
640712
858796
259581
187385
192289
202147
776334
392233
694761
464444
602961
135090
600851
477377
279355
613162
631326
156658
216349
657907
846005
203179
566138
644137
464374
928028
834199
102186
162415
653132
723234
307683
386701
910021
583433
935506
936748
990851
191030
658712
165450
645980
836915
912995
832121
362148
948279
323665
471433
205462
221930
879444
552721
158791
400995
862997
195586
506690
537177
713178
506707
681995
664597
883372
387499
608371
865822
467751
880215
463500
512072
349347
998491
516266
382035
722148
130437
819141
410972
501885
251403
551319
279590
580189
584967
532020
831845
794309
707848
188839
517943
487659
209140
785718
574439
191068
493723
555973
102545
648232
630119
861482
680623
919320
477900
953125
737024
826140
805079
651704
818249
855291
928624
524701
477491
227243
792955
696349
236312
410387
699335
838281
585985
800509
662739
982283
605297
458088
546278
777935
949323
995941
119077
112533
174975
616493
573324
354723
577120
842170
998895
353858
758389
645401
144317
226569
819496
181415
784866
457999
508596
937053
969164
205734
930835
278941
661600
161798
175593
610032
783866
165916
475720
334045
758145
746129
196078
223097
428459
430525
602289
952320
540657
577475
606911
886436
384764
576848
364261
881720
731236
476127
201944
765129
470380
135455
614348
859612
666686
541392
783256
811504
592696
326048
753245
936180
631973
218734
791555
581870
597009
248627
938451
524302
240884
160524
521076
260336
684441
931196
279421
770911
175363
742344
680560
674087
857970
979282
834032
688718
284679
940478
943785
697372
986865
984370
688078
947712
977048
701741
423214
936952
810615
229255
485172
641702
524327
571792
778096
180575
893808
845213
342238
461421
814327
864966
222039
820509
106786
837228
254179
452173
421202
747075
612173
338617
730407
469788
211808
394125
713593
771618
807743
514360
145091
596694
335272
643779
457164
836448
786221
365738
605747
752609
243440
697063
412990
563450
697563
749938
736464
995511
231166
474135
625103
629004
177407
907110
858261
871772
735392
807565
807224
680222
603399
394834
970893
522716
449655
245271
226052
744644
270875
387856
630445
869472
808571
807036
576225
440805
469350
968610
590587
548326
849449
703469
847297
774294
826243
519155
323178
205133
116379
153336
933571
294144
943221
811802
665220
431296
734868
723394
397427
644087
315884
676068
667245
165860
446521
571285
251503
789563
196870
487188
729196
976014
244804
754546
467775
139301
485032
420132
234075
124531
810061
828906
465243
459723
492838
435003
697506
609435
294260
314117
151006
687267
101013
716128
952418
155563
899694
428547
579302
384902
302476
938562
417645
436527
727095
650737
977135
825472
663342
345586
397639
599359
344235
582444
837076
778662
256350
200190
916011
378248
795983
223640
359611
827605
280744
442956
194952
189303
946886
620936
108632
524215
385903
381640
347009
740586
228126
537246
574359
776264
396756
398913
902295
580741
138791
673693
996515
304523
861706
204912
540513
815462
643880
467797
952533
896297
833856
482640
517940
760534
466743
254130
134294
139310
190728
620502
783323
949394
151471
774392
273355
336449
759896
768761
642574
946200
196158
552690
761763
912348
137434
999627
903208
290499
894441
804970
446207
433932
361056
568147
195522
180271
412549
726833
425095
885771
412506
929282
523394
242007
888226
627438
178437
598993
126015
742819
109005
110037
824675
667382
774872
947500
813048
107317
497979
264374
546076
374080
132699
834362
927841
395592
166346
487305
834580
314187
876443
692614
463683
954745
755503
362820
712816
574817
224555
155487
244281
274260
734025
825739
898008
797245
635667
887576
987476
295047
871005
460708
762499
866713
884986
653435
422153
148976
824900
678877
151439
855256
975779
377382
952855
764710
555119
137975
413287
539743
883667
884173
216164
422884
537132
905261
875915
884511
896275
187007
734539
969133
729483
851257
591402
581893
394373
426295
439393
815951
468226
303018
132747
369855
237246
521425
432745
137565
161903
717512
456519
653069
456773
337466
389049
485761
338068
141133
602521
151835
867522
693795
350484
667964
363184
613946
286182
415677
803193
817965
722180
248062
232074
644968
258610
873915
198705
795823
574111
505560
979885
617431
602029
659073
505251
887098
298094
915566
878223
869196
763409
709347
613284
371911
812938
132180
247161
752010
918319
664750
273682
905517
733356
460509
712893
863545
150308
893145
539722
444874
628219
115719
921446
960875
173605
317606
972451
401376
162847
676890
931158
101990
505318
601157
330420
602490
148971
173363
571395
608201
128502
158439
456138
481377
186000
517537
920444
938283
934992
117952
481894
680286
366662
133617
949769
507628
222414
126071
449620
397675
956107
999017
679521
583518
181963
238763
954987
199795
731411
413342
397827
770277
890217
853455
480603
755711
377222
278971
345248
688859
806421
262431
861307
157223
340980
765737
548826
505286
912561
482069
888665
372907
239621
729520
736136
296384
124944
709016
796472
411834
597341
643680
751545
865412
997097
175686
473575
777893
861729
672048
972231
150943
735972
692709
843856
610135
811244
996171
316101
439710
868874
213710
868868
345676
616707
465304
293582
716503
465789
282620
857725
223492
624289
684534
771236
913292
987346
659205
851321
861567
289607
219565
406733
939759
733615
842315
293872
472178
985891
403537
899721
573263
207669
777591
180881
112755
220626
825050
880069
122333
345658
110950
979481
586290
236146
392001
931136
663322
722230
339063
202533
319763
253101
318573
709563
565285
931450
411680
604998
243095
501084
197887
450186
221403
663208
665293
255119
341495
653724
534422
890100
257932
961034
515882
720259
899228
344607
490507
915138
398459
716704
290890
873624
661078
226350
751491
395257
365974
661575
508051
453511
274725
144201
216719
784809
925010
132752
928453
779358
594206
735429
456225
857652
189909
846621
867427
963657
619552
328466
296721
726165
660869
765581
531980
374334
416926
844769
370891
933297
866021
984410
691996
885920
274040
159137
391159
582031
502567
617616
109147
456172
396542
974886
350178
362800
510480
795356
789544
419330
758890
992947
629682
968257
840356
162662
536004
705123
400269
339165
219392
690673
782619
823766
883632
572842
374997
875089
869010
103426
494858
651439
475301
847996
406025
797418
739128
308766
436294
989962
457863
626081
534646
990308
552602
918442
117720
189140
837665
956203
309760
905713
113084
953603
618314
869657
547128
975610
874276
658329
787340
593894
591222
937684
230455
551706
192906
289644
878948
635192
223242
663408
171066
109332
763979
784497
335748
229458
889636
834568
611336
421765
525622
321567
139265
102924
644468
882748
483157
470476
441478
771137
620159
431637
743210
446212
656417
453648
867276
940054
697034
282334
180373
111571
193750
493200
864670
774033
771163
608049
550899
491134
857370
526808
743743
987564
199151
436718
966348
942868
136556
644357
106766
863414
451597
267338
293272
818933
924950
952109
454371
289169
947916
758186
178161
300684
926090
425646
929126
802836
219093
459267
197864
583569
205805
384426
160984
245359
163785
792511
197078
690802
570359
922611
999635
583223
346825
118699
988840
524471
923295
217220
527874
277355
689399
718642
884698
288819
549090
538305
762056
814861
779620
961384
417264
709128
271383
492809
286978
411474
850992
519150
962969
647844
278751
549201
